二进制：0000 0001 0010 0011 0100 0101 0110 0111 1000 1001 1010 1011  1100 1101 1110 1111
十六进制：0    1   2    3     4    5   6    7    8    9    A     B     C    D    E    F  
原码：最高位为符号位，其余各位为数值本身的绝对值
反码：正数：反码与原码相同；负数：符号位为1，其余位对原码取反
补码：正数：补码与原码相同；负数：符号位为1，其余位对原码取反加1

正数是以原码存储的
负数是以补码存储的


199 705 22          520



0001 1001 1001 0111  0000 0101 0010 0010      0100 1000 1001 0010 0010 0101 0111 0000
0101 0001 0000 0101  0010 0000 0101 0010      0101 0001 0000 0101 0010 0000 0101 0010
0100 1000 1001 0010  0010 0101 0111 0000      0001 1001 1001 0111 0000 0101 0010 0010
                                                1   9    9    7    5    5    2   
